300
2434 2235 -40.457642
1411 1367 38.524002
1379 2329 192.811005
1666 2630 11.603340
2593 1369 22.623596
1939 846 185.352417
2384 2310 38.565659
333 35 122.306030
664 749 -64.416092
1791 1123 -90.051445
1027 2936 -36.324120
2746 350 42.080124
2428 1439 -50.450809
2058 1593 -29.957283
427 2497 162.154053
1625 1057 -66.341644
935 2724 67.121582
1322 2556 91.945755
2072 1064 104.223190
195 1582 -80.880096
483 640 -35.960808
1185 1781 157.297119
2625 1685 16.396904
1570 2968 83.035889
1067 269 -33.571136
2476 163 -82.816803
2552 2349 -19.103218
2109 919 149.752029
525 2471 -85.733116
2459 2038 141.033691
99 749 116.203232
2232 135 199.317810
1269 2972 -71.098503
1589 1884 197.765228
1858 559 -82.487617
2374 2662 110.766541
2075 390 162.880096
2995 2405 -87.581238
2818 2743 181.688538
2208 2505 106.273315
2958 2462 -3.878319
445 254 -85.090515
417 2584 4.716858
2654 1538 15.092987
213 2063 16.080605
227 654 -30.166237
617 2074 -89.989182
23 47 3.733360
118 480 142.947128
2624 1791 -68.124672
2438 2560 -10.362160
45 781 80.273880
2629 1587 161.080505
1167 310 48.454666
230 622 -74.567787
1237 497 158.442047
311 2746 164.667297
710 1071 25.004807
1543 2742 -10.793411
334 1232 71.539536
246 1930 -86.962685
1028 2938 29.903183
2615 1391 121.454941
277 262 -83.405899
899 2139 13.085899
1397 1582 128.442703
1495 1252 173.431061
2566 1539 110.931076
2309 2554 -46.638489
893 335 -17.589111
2823 1092 104.352539
2761 1639 115.308136
1152 1880 30.187180
1767 2101 -46.293507
1258 842 0.959091
2840 2814 -11.974434
1444 22 -15.260307
336 542 1.112274
2890 2125 140.876678
225 2602 46.980026
1669 62 51.297668
308 1120 -56.532551
2540 558 -96.236771
1994 2611 193.265533
188 1941 60.429001
2 2522 130.685867
25 2205 62.478149
567 31 120.473160
44 775 129.675705
2999 829 179.292358
61 2127 140.862671
1533 249 27.423965
2091 1483 -31.120605
1702 1222 186.683929
995 2728 97.431641
869 2845 114.208466
74 154 165.457092
105 1555 -75.391380
881 645 -97.405907
2062 2624 152.775055
1189 2181 157.562378
1790 406 121.308594
274 2644 -40.678116
1496 1423 101.789383
1577 2195 2.417603
1774 508 62.165619
1928 1824 69.059021
835 164 107.837494
1832 2424 -20.386711
1809 2081 -74.736893
990 1736 91.766968
1748 1453 30.422546
1393 406 84.697311
2816 1099 -41.645554
2363 1197 -55.340488
2872 1939 -95.958504
2048 902 67.186279
2212 2587 -3.428009
1637 2082 -87.328178
1070 2458 45.161469
2806 1896 73.333282
1611 228 -61.950016
2018 2998 66.735504
117 746 -71.730789
1314 2990 109.335052
605 1164 -92.635323
1507 1111 136.566544
1447 691 162.397766
529 1106 9.466942
2988 353 -19.631805
2236 1762 27.876541
2816 1160 109.554398
2814 2307 146.710342
912 2551 198.666260
903 2259 167.211578
2067 1683 154.763824
530 1330 23.488686
1221 26 -57.554829
2327 934 119.470749
33 1183 34.178726
1795 2150 11.832191
2955 275 -55.801857
2615 2660 -38.300892
2166 1415 -50.967602
1778 639 -35.447540
813 1530 52.918793
2143 378 -81.827080
2521 733 27.501091
807 2888 177.475311
1990 2572 80.767365
1140 2596 182.538757
1416 2208 56.122787
1428 1989 39.569412
196 1585 -0.385872
1187 2093 -35.473846
69 856 143.640549
447 1686 -55.678005
1181 46 -96.862976
1069 2980 -17.516602
993 2594 -8.171921
589 2240 11.539238
149 682 169.493439
2491 2783 75.245041
1076 1499 -24.495583
169 2733 168.937805
1377 98 22.756805
63 1275 91.725220
109 1948 199.331726
442 2143 88.021530
36 497 -22.734650
2276 489 1.241920
2958 1974 -28.216568
2741 1875 -66.911972
1592 909 -53.145187
1326 138 62.116180
1776 555 43.424622
51 1394 43.698898
2352 2680 81.111938
1495 2147 -16.835129
1992 387 27.332947
2833 2268 94.383560
1808 2090 166.855499
1035 2413 100.871521
1944 2228 36.001053
2435 470 71.858215
2990 1882 -27.030823
1384 2022 -17.025513
1064 1874 146.196136
563 2539 165.771118
950 294 124.182907
570 1437 113.259521
2660 1856 -55.459782
2426 2234 187.518433
2006 58 117.439209
2476 2122 109.806961
1710 216 133.559540
733 2734 11.453690
2959 2655 -64.785347
2850 1929 -95.825851
144 2697 106.353699
1933 162 19.018639
789 460 43.410889
376 2918 -48.686104
434 763 75.815674
2908 905 163.771027
124 130 77.296173
210 50 -40.184292
2865 1354 -44.971470
1794 1074 -55.953392
1844 1710 10.034790
2358 297 -19.673958
2818 2454 49.303925
88 1975 183.823944
851 571 -15.242386
2109 1524 188.106018
2239 2306 65.727325
2641 1799 -9.409248
995 2376 45.670776
2422 265 177.163544
1132 1355 50.840179
1429 2590 190.883606
1235 2757 -89.446678
211 1066 154.389572
1134 103 9.910767
10 2574 -5.443878
2317 1953 18.132614
1116 1808 14.199768
844 2225 94.211273
1461 2508 -6.618225
2817 1585 15.885429
2407 2858 68.075928
2516 489 -31.028091
935 1290 161.984253
1038 2531 98.426880
613 1623 -45.884560
2566 2825 -7.179031
1727 970 91.839661
1304 1404 10.987183
812 538 105.292099
2749 1742 118.800980
2959 1431 161.548676
448 2549 13.861183
2090 2254 125.042450
1621 2171 178.916412
597 573 -39.759270
422 2338 57.121368
1392 68 35.285660
148 2618 -14.675644
687 2661 52.908249
2781 1517 -84.799141
1212 190 23.042397
761 1270 67.316437
16 2218 58.576324
2539 1102 -48.788395
464 1024 155.133057
2803 1911 164.896790
223 2364 98.635452
2842 2249 70.548782
2855 86 -25.151955
1724 2087 -95.084961
2266 1190 -23.364815
888 2901 58.084396
106 2764 -81.765404
1560 1717 119.070023
2936 2644 -40.982426
1847 1168 92.192673
1564 114 11.416290
813 1156 -91.471909
1251 2347 194.515259
338 1576 174.669861
1881 587 67.792938
1782 1163 135.433121
1546 2500 191.451599
615 1205 160.890808
260 2449 22.667206
1428 1157 137.021500
1895 373 61.075073
51 2812 -69.886459
2398 2445 129.461304
1327 2285 -87.973427
2266 849 193.010223
429 2031 195.454651
281 1101 86.676300
1486 629 25.251457
935 1718 62.391754
2445 96 153.230255
2818 673 -37.336266
2982 2814 -10.672325
2427 120 103.770828
1712 1677 80.841248
2913 924 -74.545998
2296 2053 14.244240
397 1963 -94.703629
1378 1124 -83.155006
449 548 -32.039856
545 584 117.659378
1218 2048 -41.864605
1384 2408 -99.195541
1504 171 -45.805332
181 684 112.821274
